2345678912345;WWW;2000.0;6776;PK00COMSATS0936805226928;2289 6996 7980 3364
7894561234560;Chichi;4500.0;9602;PK00COMSATS0976852398818;2433 5753 3748 3338
1234567891234;ABC;11990.0;5159;PK00COMSATS0854947739679;5360 1154 1488 6771
9090909090909;Ali Ahmed;7000.0;7941;PK00COMSATS0729364413129;2134 4169 4887 9459
1122334455667;Bilal Ansar;7000.0;8640;PK00COMSATS0830643362449;6729 2671 9695 1408
0987654321123;Ali Ahmed;2333.0;8900;PK00COMSATS0593357814374;2014 6479 8574 5575
1234567890987;Billll;2727.0;5786;PK00COMSATS0121332169709;1742 2532 5608 5868
0909090909090;Ptta;9.0;2617;PK00COMSATS0612931598678;7501 8058 6334 5720
8989898898989;Bilo;88888.0;8464;PK00COMSATS0864311979667;3320 3302 1143 4682
3537529384509;Bilal Anar;8901.0;4912;PK00COMSATS0968501458903;2461 9985 3779 9072
5555555555555;NIBM;8000.0;2539;PK00COMSATS0368924591947;5524 9552 4651 6398
